1 0 0 0
0 0.25 4 

1 0 0 0
0 0 0 

1 0 0 0
-2 1 0 

1 0 0 0
0.35 0.5 0 

1 0 0 0
0.45 0 0 

1 0 0 0
0.275 -0.5 0 

1 0 0 0
0 -0.5 0 

1 0 0 0
0 0.625 0 

1 0 0 0
-0.35 0.5 0 

1 0 0 0
-0.45 0 0 

1 0 0 0
-0.275 -0.5 0 

1 0 0 0
0 -0.5 0 

1 0 0 0
2 1 0 

1 0 0 0
0.35 0.5 0 

1 0 0 0
0.45 0 0 

1 0 0 0
0.275 -0.5 0 

1 0 0 0
0 -0.5 0 

1 0 0 0
0 0.625 0 

1 0 0 0
-0.35 0.5 0 

1 0 0 0
-0.45 0 0 

1 0 0 0
-0.275 -0.5 0 

1 0 0 0
0 -0.5 0 

end
1 0 0 0
0 0.25 4 

1 0 0 0
0 0 0 

1 0 0 0
-2 1 0 

1 0 0 0
0.35 0.5 0 

1 0 0 0
0.45 0 0 

1 0 0 0
0.275 -0.5 0 

1 0 0 0
0 -0.5 0 

1 0 0 0
0 0.625 0 

1 0 0 0
-0.35 0.5 0 

1 0 0 0
-0.45 0 0 

1 0 0 0
-0.275 -0.5 0 

1 0 0 0
0 -0.5 0 

1 0 0 0
2 1 0 

1 0 0 0
0.35 0.5 0 

1 0 0 0
0.45 0 0 

1 0 0 0
0.275 -0.5 0 

1 0 0 0
0 -0.5 0 

1 0 0 0
0 0.625 0 

1 0 0 0
-0.35 0.5 0 

1 0 0 0
-0.45 0 0 

1 0 0 0
-0.275 -0.5 0 

1 0 0 0
0 -0.5 0 

end
1 0 0 0
0 0.25 4 

1 0 0 0
0 0 0 

1 0 0 0
-2 1 0 

0.904746 -0.126383 -0.397342 0.0870636
0.35 0.5 -1.38778e-017 

0.730888 -0.582886 -0.304035 -0.183327
0.45 -1.79154e-015 -1.23165e-015 

1 0 0 0
0.275 -0.5 0 

1 0 0 0
0 -0.5 0 

1 0 0 0
0 0.625 0 

1 0 0 0
-0.35 0.5 0 

0.61047 0.631977 0.408879 0.246474
-0.45 1.89085e-016 -1.38778e-016 

1 0 0 0
-0.275 -0.5 0 

0.975104 0.204142 0.0808865 -0.0308982
0 -0.5 0 

1 0 0 0
2 1 0 

1 0 0 0
0.35 0.5 0 

1 0 0 0
0.45 0 0 

1 0 0 0
0.275 -0.5 0 

1 0 0 0
0 -0.5 0 

1 0 0 0
0 0.625 0 

1 0 0 0
-0.35 0.5 0 

1 0 0 0
-0.45 0 0 

1 0 0 0
-0.275 -0.5 0 

1 0 0 0
0 -0.5 0 

end
1 0 0 0
0 0.25 4 

1 0 0 0
0 0 0 

1 0 0 0
-2 1 0 

0.851254 -0.3913 -0.304214 0.172349
0.35 0.5 -1.38778e-017 

0.730888 -0.582886 -0.304035 -0.183327
0.45 -1.79154e-015 -1.23165e-015 

1 0 0 0
0.275 -0.5 0 

1 0 0 0
0 -0.5 0 

1 0 0 0
0 0.625 0 

1 0 0 0
-0.35 0.5 0 

0.407306 0.695042 0.586021 0.0871668
-0.45 2.19226e-016 -2.51535e-016 

1 0 0 0
-0.275 -0.5 0 

0.879103 0.398056 0.195389 -0.174791
0 -0.5 0 

1 0 0 0
2 1 0 

1 0 0 0
0.35 0.5 0 

1 0 0 0
0.45 0 0 

1 0 0 0
0.275 -0.5 0 

1 0 0 0
0 -0.5 0 

1 0 0 0
0 0.625 0 

1 0 0 0
-0.35 0.5 0 

1 0 0 0
-0.45 0 0 

1 0 0 0
-0.275 -0.5 0 

1 0 0 0
0 -0.5 0 

end
1 0 0 -6.74713e-006
3.37356e-006 0.25 4 

1 0 0 0
0 0 0 

1 0 0 0
-2 1 0 

0.747389 -0.46548 -0.360329 0.30806
0.35 0.5 -2.1684e-017 

0.605368 -0.656502 -0.411792 -0.181554
0.45 -2.50494e-015 1.86483e-016 

1 0 0 0
0.275 -0.5 0 

1 0 0 0
0 -0.5 0 

0.985008 0.104109 0.0297582 0.134297
-7.80626e-018 0.625 -3.46945e-018 

1 0 0 0
-0.35 0.5 0 

0.407306 0.695042 0.586021 0.0871668
-0.45 2.19226e-016 -2.51535e-016 

1 0 0 0
-0.275 -0.5 0 

0.742441 0.599674 0.182271 -0.236536
0 -0.5 0 

1 0 0 0
2 1 0 

1 0 0 0
0.35 0.5 0 

1 0 0 0
0.45 0 0 

1 0 0 0
0.275 -0.5 0 

1 0 0 0
0 -0.5 0 

1 0 0 0
0 0.625 0 

1 0 0 0
-0.35 0.5 0 

1 0 0 0
-0.45 0 0 

1 0 0 0
-0.275 -0.5 0 

1 0 0 0
0 -0.5 0 

end
1 0 0 -6.74713e-006
3.37356e-006 0.25 4 

1 0 0 0
0 0 0 

1 0 0 0
-2 1 0 

0.532883 -0.688574 -0.161401 0.464597
0.35 0.5 -3.38271e-017 

0.648658 -0.609076 -0.345958 -0.297628
0.45 1.23686e-015 1.59101e-015 

1 0 0 0
0.275 -0.5 0 

1 0 0 0
0 -0.5 0 

0.971943 0.0631135 0.215045 0.0714063
4.77049e-018 0.625 -1.79978e-017 

1 0 0 0
-0.35 0.5 0 

0.585941 0.550944 0.367347 0.467108
-0.45 2.20527e-016 -3.05311e-016 

1 0 0 0
-0.275 -0.5 0 

0.891096 0.393082 0.0497499 -0.221269
-1.30104e-018 -0.5 0 

1 0 0 0
2 1 0 

1 0 0 0
0.35 0.5 0 

1 0 0 0
0.45 0 0 

1 0 0 0
0.275 -0.5 0 

1 0 0 0
0 -0.5 0 

1 0 0 0
0 0.625 0 

1 0 0 0
-0.35 0.5 0 

1 0 0 0
-0.45 0 0 

1 0 0 0
-0.275 -0.5 0 

1 0 0 0
0 -0.5 0 

end
1 0 0 -6.74713e-006
3.37356e-006 0.25 4 

1 0 0 0
0 0 0 

1 0 0 0
-2 1 0 

0.762607 0.482204 0.294248 0.315164
0.35 0.5 9.54098e-017 

0.478761 -0.868225 -0.038507 -0.124461
0.45 8.58688e-016 4.00027e-015 

1 0 0 0
0.275 -0.5 0 

1 0 0 0
0 -0.5 0 

0.971943 0.0631135 0.215045 0.0714063
4.77049e-018 0.625 -1.79978e-017 

1 0 0 0
-0.35 0.5 0 

0.585941 0.550944 0.367347 0.467108
-0.45 2.20527e-016 -3.05311e-016 

1 0 0 0
-0.275 -0.5 0 

0.942219 0.263982 -0.109716 -0.174638
-2.81893e-018 -0.5 1.38236e-017 

1 0 0 0
2 1 0 

1 0 0 0
0.35 0.5 0 

1 0 0 0
0.45 0 0 

1 0 0 0
0.275 -0.5 0 

1 0 0 0
0 -0.5 0 

1 0 0 0
0 0.625 0 

1 0 0 0
-0.35 0.5 0 

1 0 0 0
-0.45 0 0 

1 0 0 0
-0.275 -0.5 0 

1 0 0 0
0 -0.5 0 

end
1 0 0 -6.74713e-006
3.37356e-006 0.25 4 

1 0 0 0
0 0 0 

1 0 0 0
-2 1 0 

0.479684 0.859901 0.0827375 -0.153716
0.35 0.5 1.40513e-016 

0.478761 -0.868225 -0.038507 -0.124461
0.45 8.58688e-016 4.00027e-015 

1 0 0 0
0.275 -0.5 0 

1 0 0 0
0 -0.5 0 

0.971943 0.0631135 0.215045 0.0714063
4.77049e-018 0.625 -1.79978e-017 

1 0 0 0
-0.35 0.5 0 

0.585941 0.550944 0.367347 0.467108
-0.45 2.20527e-016 -3.05311e-016 

1 0 0 0
-0.275 -0.5 0 

0.932954 0.127681 -0.315233 -0.117992
-3.41524e-018 -0.5 2.67933e-017 

1 0 0 0
2 1 0 

1 0 0 0
0.35 0.5 0 

1 0 0 0
0.45 0 0 

1 0 0 0
0.275 -0.5 0 

1 0 0 0
0 -0.5 0 

1 0 0 0
0 0.625 0 

1 0 0 0
-0.35 0.5 0 

1 0 0 0
-0.45 0 0 

1 0 0 0
-0.275 -0.5 0 

1 0 0 0
0 -0.5 0 

end
1 0 0 -6.74713e-006
3.37356e-006 0.25 4 

1 0 0 0
0 0 0 

1 0 0 0
-2 1 0 

0.288669 0.734434 -0.454842 -0.41279
0.35 0.5 1.40513e-016 

0.478761 -0.868225 -0.038507 -0.124461
0.45 8.58688e-016 4.00027e-015 

1 0 0 0
0.275 -0.5 0 

1 0 0 0
0 -0.5 0 

0.971943 0.0631135 0.215045 0.0714063
4.77049e-018 0.625 -1.79978e-017 

1 0 0 0
-0.35 0.5 0 

0.725192 -0.568489 -0.341041 0.186029
-0.45 2.85362e-016 -5.13478e-016 

1 0 0 0
-0.275 -0.5 0 

0.71631 0.0397255 -0.683921 -0.132568
-6.83047e-018 -0.5 3.04661e-017 

1 0 0 0
2 1 0 

1 0 0 0
0.35 0.5 0 

1 0 0 0
0.45 0 0 

1 0 0 0
0.275 -0.5 0 

1 0 0 0
0 -0.5 0 

1 0 0 0
0 0.625 0 

1 0 0 0
-0.35 0.5 0 

1 0 0 0
-0.45 0 0 

1 0 0 0
-0.275 -0.5 0 

1 0 0 0
0 -0.5 0 

end
1 0 0 -6.74713e-006
3.37356e-006 0.25 4 

1 0 0 0
0 0 0 

1 0 0 0
-2 1 0 

0.356693 0.684278 -0.527856 -0.354826
0.35 0.5 1.4138e-016 

0.78041 -0.584623 -0.203898 -0.0871911
0.45 1.32321e-015 3.49742e-015 

1 0 0 0
0.275 -0.5 0 

1 0 0 0
0 -0.5 0 

0.971943 0.0631135 0.215045 0.0714063
4.77049e-018 0.625 -1.79978e-017 

1 0 0 0
-0.35 0.5 0 

0.725192 -0.568489 -0.341041 0.186029
-0.45 2.85362e-016 -5.13478e-016 

1 0 0 0
-0.275 -0.5 0 

0.731659 0.0185769 -0.678713 -0.0606626
-9.54098e-018 -0.5 4.94396e-017 

1 0 0 0
2 1 0 

1 0 0 0
0.35 0.5 0 

1 0 0 0
0.45 0 0 

1 0 0 0
0.275 -0.5 0 

1 0 0 0
0 -0.5 0 

1 0 0 0
0 0.625 0 

1 0 0 0
-0.35 0.5 0 

1 0 0 0
-0.45 0 0 

1 0 0 0
-0.275 -0.5 0 

1 0 0 0
0 -0.5 0 

end
