1 00 0
0 0.25 40 0.25 40 0.25 4

1 00 0
0 0 00 0 00 0 0

1 00 0
-2 1 0-2 1 0-2 1 0

1 00 0
0.35 0.5 00.35 0.5 00.35 0.5 0

1 00 0
0.45 0 00.45 0 00.45 0 0

1 00 0
0.275 -0.5 00.275 -0.5 00.275 -0.5 0

1 00 0
0 -0.5 00 -0.5 00 -0.5 0

1 00 0
0 0.625 00 0.625 00 0.625 0

1 00 0
-0.35 0.5 0-0.35 0.5 0-0.35 0.5 0

1 00 0
-0.45 0 0-0.45 0 0-0.45 0 0

1 00 0
-0.275 -0.5 0-0.275 -0.5 0-0.275 -0.5 0

1 00 0
0 -0.5 00 -0.5 00 -0.5 0

1 00 0
2 1 02 1 02 1 0

1 00 0
0.35 0.5 00.35 0.5 00.35 0.5 0

1 00 0
0.45 0 00.45 0 00.45 0 0

1 00 0
0.275 -0.5 00.275 -0.5 00.275 -0.5 0

1 00 0
0 -0.5 00 -0.5 00 -0.5 0

1 00 0
0 0.625 00 0.625 00 0.625 0

1 00 0
-0.35 0.5 0-0.35 0.5 0-0.35 0.5 0

1 00 0
-0.45 0 0-0.45 0 0-0.45 0 0

1 00 0
-0.275 -0.5 0-0.275 -0.5 0-0.275 -0.5 0

1 00 0
0 -0.5 00 -0.5 00 -0.5 0

1 00 0
0 0.25 40 0.25 40 0.25 4

1 00 0
0 0 00 0 00 0 0

1 00 0
-2 1 0-2 1 0-2 1 0

1 00 0
0.35 0.5 00.35 0.5 00.35 0.5 0

1 00 0
0.45 0 00.45 0 00.45 0 0

1 00 0
0.275 -0.5 00.275 -0.5 00.275 -0.5 0

1 00 0
0 -0.5 00 -0.5 00 -0.5 0

1 00 0
0 0.625 00 0.625 00 0.625 0

1 00 0
-0.35 0.5 0-0.35 0.5 0-0.35 0.5 0

1 00 0
-0.45 0 0-0.45 0 0-0.45 0 0

1 00 0
-0.275 -0.5 0-0.275 -0.5 0-0.275 -0.5 0

0.990065 0.1292350.0471713 -0.0290581
0 -0.5 00 -0.5 00 -0.5 0

1 00 0
2 1 02 1 02 1 0

1 00 0
0.35 0.5 00.35 0.5 00.35 0.5 0

1 00 0
0.45 0 00.45 0 00.45 0 0

1 00 0
0.275 -0.5 00.275 -0.5 00.275 -0.5 0

1 00 0
0 -0.5 00 -0.5 00 -0.5 0

1 00 0
0 0.625 00 0.625 00 0.625 0

1 00 0
-0.35 0.5 0-0.35 0.5 0-0.35 0.5 0

1 00 0
-0.45 0 0-0.45 0 0-0.45 0 0

1 00 0
-0.275 -0.5 0-0.275 -0.5 0-0.275 -0.5 0

1 00 0
0 -0.5 00 -0.5 00 -0.5 0

1 00 0
0 0.25 40 0.25 40 0.25 4

1 00 0
0 0 00 0 00 0 0

1 00 0
-2 1 0-2 1 0-2 1 0

1 00 0
0.35 0.5 00.35 0.5 00.35 0.5 0

1 00 0
0.45 0 00.45 0 00.45 0 0

1 00 0
0.275 -0.5 00.275 -0.5 00.275 -0.5 0

1 00 0
0 -0.5 00 -0.5 00 -0.5 0

1 00 0
0 0.625 00 0.625 00 0.625 0

1 00 0
-0.35 0.5 0-0.35 0.5 0-0.35 0.5 0

1 00 0
-0.45 0 0-0.45 0 0-0.45 0 0

1 00 0
-0.275 -0.5 0-0.275 -0.5 0-0.275 -0.5 0

0.972015 0.223710.0558767 -0.0449289
0 -0.5 00 -0.5 00 -0.5 0

1 00 0
2 1 02 1 02 1 0

1 00 0
0.35 0.5 00.35 0.5 00.35 0.5 0

1 00 0
0.45 0 00.45 0 00.45 0 0

1 00 0
0.275 -0.5 00.275 -0.5 00.275 -0.5 0

1 00 0
0 -0.5 00 -0.5 00 -0.5 0

1 00 0
0 0.625 00 0.625 00 0.625 0

1 00 0
-0.35 0.5 0-0.35 0.5 0-0.35 0.5 0

1 00 0
-0.45 0 0-0.45 0 0-0.45 0 0

1 00 0
-0.275 -0.5 0-0.275 -0.5 0-0.275 -0.5 0

1 00 0
0 -0.5 00 -0.5 00 -0.5 0

1 00 0
0 0.25 40 0.25 40 0.25 4

1 00 0
0 0 00 0 00 0 0

1 00 0
-2 1 0-2 1 0-2 1 0

1 00 0
0.35 0.5 00.35 0.5 00.35 0.5 0

1 00 0
0.45 0 00.45 0 00.45 0 0

1 00 0
0.275 -0.5 00.275 -0.5 00.275 -0.5 0

1 00 0
0 -0.5 00 -0.5 00 -0.5 0

1 00 0
0 0.625 00 0.625 00 0.625 0

1 00 0
-0.35 0.5 0-0.35 0.5 0-0.35 0.5 0

1 00 0
-0.45 0 0-0.45 0 0-0.45 0 0

1 00 0
-0.275 -0.5 0-0.275 -0.5 0-0.275 -0.5 0

0.949478 0.3057250.060657 -0.0366706
0 -0.5 00 -0.5 00 -0.5 0

1 00 0
2 1 02 1 02 1 0

1 00 0
0.35 0.5 00.35 0.5 00.35 0.5 0

1 00 0
0.45 0 00.45 0 00.45 0 0

1 00 0
0.275 -0.5 00.275 -0.5 00.275 -0.5 0

1 00 0
0 -0.5 00 -0.5 00 -0.5 0

1 00 0
0 0.625 00 0.625 00 0.625 0

1 00 0
-0.35 0.5 0-0.35 0.5 0-0.35 0.5 0

1 00 0
-0.45 0 0-0.45 0 0-0.45 0 0

1 00 0
-0.275 -0.5 0-0.275 -0.5 0-0.275 -0.5 0

1 00 0
0 -0.5 00 -0.5 00 -0.5 0

1 00 0
0 0.25 40 0.25 40 0.25 4

1 00 0
0 0 00 0 00 0 0

1 00 0
-2 1 0-2 1 0-2 1 0

1 00 0
0.35 0.5 00.35 0.5 00.35 0.5 0

1 00 0
0.45 0 00.45 0 00.45 0 0

1 00 0
0.275 -0.5 00.275 -0.5 00.275 -0.5 0

1 00 0
0 -0.5 00 -0.5 00 -0.5 0

1 00 0
0 0.625 00 0.625 00 0.625 0

1 00 0
-0.35 0.5 0-0.35 0.5 0-0.35 0.5 0

1 00 0
-0.45 0 0-0.45 0 0-0.45 0 0

1 00 0
-0.275 -0.5 0-0.275 -0.5 0-0.275 -0.5 0

0.915141 0.3978040.059557 -0.0268558
0 -0.5 00 -0.5 00 -0.5 0

1 00 0
2 1 02 1 02 1 0

1 00 0
0.35 0.5 00.35 0.5 00.35 0.5 0

1 00 0
0.45 0 00.45 0 00.45 0 0

1 00 0
0.275 -0.5 00.275 -0.5 00.275 -0.5 0

1 00 0
0 -0.5 00 -0.5 00 -0.5 0

1 00 0
0 0.625 00 0.625 00 0.625 0

1 00 0
-0.35 0.5 0-0.35 0.5 0-0.35 0.5 0

1 00 0
-0.45 0 0-0.45 0 0-0.45 0 0

1 00 0
-0.275 -0.5 0-0.275 -0.5 0-0.275 -0.5 0

1 00 0
0 -0.5 00 -0.5 00 -0.5 0

1 00 0
0 0.25 40 0.25 40 0.25 4

1 00 0
0 0 00 0 00 0 0

1 00 0
-2 1 0-2 1 0-2 1 0

1 00 0
0.35 0.5 00.35 0.5 00.35 0.5 0

1 00 0
0.45 0 00.45 0 00.45 0 0

1 00 0
0.275 -0.5 00.275 -0.5 00.275 -0.5 0

1 00 0
0 -0.5 00 -0.5 00 -0.5 0

1 00 0
0 0.625 00 0.625 00 0.625 0

1 00 0
-0.35 0.5 0-0.35 0.5 0-0.35 0.5 0

1 00 0
-0.45 0 0-0.45 0 0-0.45 0 0

1 00 0
-0.275 -0.5 0-0.275 -0.5 0-0.275 -0.5 0

0.854526 0.513750.0725619 -0.0240831
0 -0.5 00 -0.5 00 -0.5 0

1 00 0
2 1 02 1 02 1 0

1 00 0
0.35 0.5 00.35 0.5 00.35 0.5 0

1 00 0
0.45 0 00.45 0 00.45 0 0

1 00 0
0.275 -0.5 00.275 -0.5 00.275 -0.5 0

1 00 0
0 -0.5 00 -0.5 00 -0.5 0

1 00 0
0 0.625 00 0.625 00 0.625 0

1 00 0
-0.35 0.5 0-0.35 0.5 0-0.35 0.5 0

1 00 0
-0.45 0 0-0.45 0 0-0.45 0 0

1 00 0
-0.275 -0.5 0-0.275 -0.5 0-0.275 -0.5 0

1 00 0
0 -0.5 00 -0.5 00 -0.5 0

1 00 0
0 0.25 40 0.25 40 0.25 4

1 00 0
0 0 00 0 00 0 0

1 00 0
-2 1 0-2 1 0-2 1 0

1 00 0
0.35 0.5 00.35 0.5 00.35 0.5 0

1 00 0
0.45 0 00.45 0 00.45 0 0

1 00 0
0.275 -0.5 00.275 -0.5 00.275 -0.5 0

1 00 0
0 -0.5 00 -0.5 00 -0.5 0

1 00 0
0 0.625 00 0.625 00 0.625 0

1 00 0
-0.35 0.5 0-0.35 0.5 0-0.35 0.5 0

1 00 0
-0.45 0 0-0.45 0 0-0.45 0 0

1 00 0
-0.275 -0.5 0-0.275 -0.5 0-0.275 -0.5 0

0.767796 0.6346660.0858044 -0.0180441
0 -0.5 00 -0.5 00 -0.5 0

1 00 0
2 1 02 1 02 1 0

1 00 0
0.35 0.5 00.35 0.5 00.35 0.5 0

1 00 0
0.45 0 00.45 0 00.45 0 0

1 00 0
0.275 -0.5 00.275 -0.5 00.275 -0.5 0

1 00 0
0 -0.5 00 -0.5 00 -0.5 0

1 00 0
0 0.625 00 0.625 00 0.625 0

1 00 0
-0.35 0.5 0-0.35 0.5 0-0.35 0.5 0

1 00 0
-0.45 0 0-0.45 0 0-0.45 0 0

1 00 0
-0.275 -0.5 0-0.275 -0.5 0-0.275 -0.5 0

1 00 0
0 -0.5 00 -0.5 00 -0.5 0

1 00 0
0 0.25 40 0.25 40 0.25 4

1 00 0
0 0 00 0 00 0 0

1 00 0
-2 1 0-2 1 0-2 1 0

1 00 0
0.35 0.5 00.35 0.5 00.35 0.5 0

1 00 0
0.45 0 00.45 0 00.45 0 0

1 00 0
0.275 -0.5 00.275 -0.5 00.275 -0.5 0

1 00 0
0 -0.5 00 -0.5 00 -0.5 0

1 00 0
0 0.625 00 0.625 00 0.625 0

1 00 0
-0.35 0.5 0-0.35 0.5 0-0.35 0.5 0

1 00 0
-0.45 0 0-0.45 0 0-0.45 0 0

1 00 0
-0.275 -0.5 0-0.275 -0.5 0-0.275 -0.5 0

0.677056 0.7287990.100766 -0.0171178
0 -0.5 00 -0.5 00 -0.5 0

1 00 0
2 1 02 1 02 1 0

1 00 0
0.35 0.5 00.35 0.5 00.35 0.5 0

1 00 0
0.45 0 00.45 0 00.45 0 0

1 00 0
0.275 -0.5 00.275 -0.5 00.275 -0.5 0

1 00 0
0 -0.5 00 -0.5 00 -0.5 0

1 00 0
0 0.625 00 0.625 00 0.625 0

1 00 0
-0.35 0.5 0-0.35 0.5 0-0.35 0.5 0

1 00 0
-0.45 0 0-0.45 0 0-0.45 0 0

1 00 0
-0.275 -0.5 0-0.275 -0.5 0-0.275 -0.5 0

1 00 0
0 -0.5 00 -0.5 00 -0.5 0

1 00 0
0 0.25 40 0.25 40 0.25 4

1 00 0
0 0 00 0 00 0 0

1 00 0
-2 1 0-2 1 0-2 1 0

1 00 0
0.35 0.5 00.35 0.5 00.35 0.5 0

1 00 0
0.45 0 00.45 0 00.45 0 0

1 00 0
0.275 -0.5 00.275 -0.5 00.275 -0.5 0

1 00 0
0 -0.5 00 -0.5 00 -0.5 0

1 00 0
0 0.625 00 0.625 00 0.625 0

1 00 0
-0.35 0.5 0-0.35 0.5 0-0.35 0.5 0

1 00 0
-0.45 0 0-0.45 0 0-0.45 0 0

1 00 0
-0.275 -0.5 0-0.275 -0.5 0-0.275 -0.5 0

0.747867 0.6558980.0988124 -0.0270143
0 -0.5 00 -0.5 00 -0.5 0

1 00 0
2 1 02 1 02 1 0

1 00 0
0.35 0.5 00.35 0.5 00.35 0.5 0

1 00 0
0.45 0 00.45 0 00.45 0 0

1 00 0
0.275 -0.5 00.275 -0.5 00.275 -0.5 0

1 00 0
0 -0.5 00 -0.5 00 -0.5 0

1 00 0
0 0.625 00 0.625 00 0.625 0

1 00 0
-0.35 0.5 0-0.35 0.5 0-0.35 0.5 0

1 00 0
-0.45 0 0-0.45 0 0-0.45 0 0

1 00 0
-0.275 -0.5 0-0.275 -0.5 0-0.275 -0.5 0

1 00 0
0 -0.5 00 -0.5 00 -0.5 0

1 00 0
0 0.25 40 0.25 40 0.25 4

1 00 0
0 0 00 0 00 0 0

1 00 0
-2 1 0-2 1 0-2 1 0

1 00 0
0.35 0.5 00.35 0.5 00.35 0.5 0

1 00 0
0.45 0 00.45 0 00.45 0 0

1 00 0
0.275 -0.5 00.275 -0.5 00.275 -0.5 0

1 00 0
0 -0.5 00 -0.5 00 -0.5 0

1 00 0
0 0.625 00 0.625 00 0.625 0

1 00 0
-0.35 0.5 0-0.35 0.5 0-0.35 0.5 0

1 00 0
-0.45 0 0-0.45 0 0-0.45 0 0

1 00 0
-0.275 -0.5 0-0.275 -0.5 0-0.275 -0.5 0

0.809751 0.5737750.110159 -0.0543194
0 -0.5 00 -0.5 00 -0.5 0

1 00 0
2 1 02 1 02 1 0

1 00 0
0.35 0.5 00.35 0.5 00.35 0.5 0

1 00 0
0.45 0 00.45 0 00.45 0 0

1 00 0
0.275 -0.5 00.275 -0.5 00.275 -0.5 0

1 00 0
0 -0.5 00 -0.5 00 -0.5 0

1 00 0
0 0.625 00 0.625 00 0.625 0

1 00 0
-0.35 0.5 0-0.35 0.5 0-0.35 0.5 0

1 00 0
-0.45 0 0-0.45 0 0-0.45 0 0

1 00 0
-0.275 -0.5 0-0.275 -0.5 0-0.275 -0.5 0

1 00 0
0 -0.5 00 -0.5 00 -0.5 0

1 00 0
0 0.25 40 0.25 40 0.25 4

1 00 0
0 0 00 0 00 0 0

1 00 0
-2 1 0-2 1 0-2 1 0

1 00 0
0.35 0.5 00.35 0.5 00.35 0.5 0

1 00 0
0.45 0 00.45 0 00.45 0 0

1 00 0
0.275 -0.5 00.275 -0.5 00.275 -0.5 0

1 00 0
0 -0.5 00 -0.5 00 -0.5 0

1 00 0
0 0.625 00 0.625 00 0.625 0

1 00 0
-0.35 0.5 0-0.35 0.5 0-0.35 0.5 0

1 00 0
-0.45 0 0-0.45 0 0-0.45 0 0

1 00 0
-0.275 -0.5 0-0.275 -0.5 0-0.275 -0.5 0

0.875877 0.4721390.0848853 -0.0521442
0 -0.5 00 -0.5 00 -0.5 0

1 00 0
2 1 02 1 02 1 0

1 00 0
0.35 0.5 00.35 0.5 00.35 0.5 0

1 00 0
0.45 0 00.45 0 00.45 0 0

1 00 0
0.275 -0.5 00.275 -0.5 00.275 -0.5 0

1 00 0
0 -0.5 00 -0.5 00 -0.5 0

1 00 0
0 0.625 00 0.625 00 0.625 0

1 00 0
-0.35 0.5 0-0.35 0.5 0-0.35 0.5 0

1 00 0
-0.45 0 0-0.45 0 0-0.45 0 0

1 00 0
-0.275 -0.5 0-0.275 -0.5 0-0.275 -0.5 0

1 00 0
0 -0.5 00 -0.5 00 -0.5 0

1 00 0
0 0.25 40 0.25 40 0.25 4

1 00 0
0 0 00 0 00 0 0

1 00 0
-2 1 0-2 1 0-2 1 0

1 00 0
0.35 0.5 00.35 0.5 00.35 0.5 0

1 00 0
0.45 0 00.45 0 00.45 0 0

1 00 0
0.275 -0.5 00.275 -0.5 00.275 -0.5 0

1 00 0
0 -0.5 00 -0.5 00 -0.5 0

1 00 0
0 0.625 00 0.625 00 0.625 0

1 00 0
-0.35 0.5 0-0.35 0.5 0-0.35 0.5 0

1 00 0
-0.45 0 0-0.45 0 0-0.45 0 0

1 00 0
-0.275 -0.5 0-0.275 -0.5 0-0.275 -0.5 0

0.932259 0.3488370.0689556 -0.0667204
0 -0.5 00 -0.5 00 -0.5 0

1 00 0
2 1 02 1 02 1 0

1 00 0
0.35 0.5 00.35 0.5 00.35 0.5 0

1 00 0
0.45 0 00.45 0 00.45 0 0

1 00 0
0.275 -0.5 00.275 -0.5 00.275 -0.5 0

1 00 0
0 -0.5 00 -0.5 00 -0.5 0

1 00 0
0 0.625 00 0.625 00 0.625 0

1 00 0
-0.35 0.5 0-0.35 0.5 0-0.35 0.5 0

1 00 0
-0.45 0 0-0.45 0 0-0.45 0 0

1 00 0
-0.275 -0.5 0-0.275 -0.5 0-0.275 -0.5 0

1 00 0
0 -0.5 00 -0.5 00 -0.5 0

1 00 0
0 0.25 40 0.25 40 0.25 4

1 00 0
0 0 00 0 00 0 0

1 00 0
-2 1 0-2 1 0-2 1 0

1 00 0
0.35 0.5 00.35 0.5 00.35 0.5 0

1 00 0
0.45 0 00.45 0 00.45 0 0

1 00 0
0.275 -0.5 00.275 -0.5 00.275 -0.5 0

1 00 0
0 -0.5 00 -0.5 00 -0.5 0

1 00 0
0 0.625 00 0.625 00 0.625 0

1 00 0
-0.35 0.5 0-0.35 0.5 0-0.35 0.5 0

1 00 0
-0.45 0 0-0.45 0 0-0.45 0 0

1 00 0
-0.275 -0.5 0-0.275 -0.5 0-0.275 -0.5 0

0.951818 0.2768490.0722829 -0.11033
0 -0.5 00 -0.5 00 -0.5 0

1 00 0
2 1 02 1 02 1 0

1 00 0
0.35 0.5 00.35 0.5 00.35 0.5 0

1 00 0
0.45 0 00.45 0 00.45 0 0

1 00 0
0.275 -0.5 00.275 -0.5 00.275 -0.5 0

1 00 0
0 -0.5 00 -0.5 00 -0.5 0

1 00 0
0 0.625 00 0.625 00 0.625 0

1 00 0
-0.35 0.5 0-0.35 0.5 0-0.35 0.5 0

1 00 0
-0.45 0 0-0.45 0 0-0.45 0 0

1 00 0
-0.275 -0.5 0-0.275 -0.5 0-0.275 -0.5 0

1 00 0
0 -0.5 00 -0.5 00 -0.5 0

1 00 0
0 0.25 40 0.25 40 0.25 4

1 00 0
0 0 00 0 00 0 0

1 00 0
-2 1 0-2 1 0-2 1 0

1 00 0
0.35 0.5 00.35 0.5 00.35 0.5 0

1 00 0
0.45 0 00.45 0 00.45 0 0

1 00 0
0.275 -0.5 00.275 -0.5 00.275 -0.5 0

1 00 0
0 -0.5 00 -0.5 00 -0.5 0

1 00 0
0 0.625 00 0.625 00 0.625 0

1 00 0
-0.35 0.5 0-0.35 0.5 0-0.35 0.5 0

1 00 0
-0.45 0 0-0.45 0 0-0.45 0 0

1 00 0
-0.275 -0.5 0-0.275 -0.5 0-0.275 -0.5 0

0.979934 0.1709020.0510334 -0.0889765
0 -0.5 00 -0.5 00 -0.5 0

1 00 0
2 1 02 1 02 1 0

1 00 0
0.35 0.5 00.35 0.5 00.35 0.5 0

1 00 0
0.45 0 00.45 0 00.45 0 0

1 00 0
0.275 -0.5 00.275 -0.5 00.275 -0.5 0

1 00 0
0 -0.5 00 -0.5 00 -0.5 0

1 00 0
0 0.625 00 0.625 00 0.625 0

1 00 0
-0.35 0.5 0-0.35 0.5 0-0.35 0.5 0

1 00 0
-0.45 0 0-0.45 0 0-0.45 0 0

1 00 0
-0.275 -0.5 0-0.275 -0.5 0-0.275 -0.5 0

1 00 0
0 -0.5 00 -0.5 00 -0.5 0

1 00 0
0 0.25 40 0.25 40 0.25 4

1 00 0
0 0 00 0 00 0 0

1 00 0
-2 1 0-2 1 0-2 1 0

1 00 0
0.35 0.5 00.35 0.5 00.35 0.5 0

1 00 0
0.45 0 00.45 0 00.45 0 0

1 00 0
0.275 -0.5 00.275 -0.5 00.275 -0.5 0

1 00 0
0 -0.5 00 -0.5 00 -0.5 0

1 00 0
0 0.625 00 0.625 00 0.625 0

1 00 0
-0.35 0.5 0-0.35 0.5 0-0.35 0.5 0

1 00 0
-0.45 0 0-0.45 0 0-0.45 0 0

1 00 0
-0.275 -0.5 0-0.275 -0.5 0-0.275 -0.5 0

0.992596 0.0856910.0417037 -0.0753023
0 -0.5 00 -0.5 00 -0.5 0

1 00 0
2 1 02 1 02 1 0

1 00 0
0.35 0.5 00.35 0.5 00.35 0.5 0

1 00 0
0.45 0 00.45 0 00.45 0 0

1 00 0
0.275 -0.5 00.275 -0.5 00.275 -0.5 0

1 00 0
0 -0.5 00 -0.5 00 -0.5 0

1 00 0
0 0.625 00 0.625 00 0.625 0

1 00 0
-0.35 0.5 0-0.35 0.5 0-0.35 0.5 0

1 00 0
-0.45 0 0-0.45 0 0-0.45 0 0

1 00 0
-0.275 -0.5 0-0.275 -0.5 0-0.275 -0.5 0

1 00 0
0 -0.5 00 -0.5 00 -0.5 0

1 00 0
0 0.25 40 0.25 40 0.25 4

1 00 0
0 0 00 0 00 0 0

1 00 0
-2 1 0-2 1 0-2 1 0

1 00 0
0.35 0.5 00.35 0.5 00.35 0.5 0

1 00 0
0.45 0 00.45 0 00.45 0 0

1 00 0
0.275 -0.5 00.275 -0.5 00.275 -0.5 0

1 00 0
0 -0.5 00 -0.5 00 -0.5 0

1 00 0
0 0.625 00 0.625 00 0.625 0

1 00 0
-0.35 0.5 0-0.35 0.5 0-0.35 0.5 0

1 00 0
-0.45 0 0-0.45 0 0-0.45 0 0

1 00 0
-0.275 -0.5 0-0.275 -0.5 0-0.275 -0.5 0

0.992596 0.0856910.0417037 -0.0753023
0 -0.5 00 -0.5 00 -0.5 0

1 00 0
2 1 02 1 02 1 0

1 00 0
0.35 0.5 00.35 0.5 00.35 0.5 0

1 00 0
0.45 0 00.45 0 00.45 0 0

1 00 0
0.275 -0.5 00.275 -0.5 00.275 -0.5 0

1 00 0
0 -0.5 00 -0.5 00 -0.5 0

1 00 0
0 0.625 00 0.625 00 0.625 0

1 00 0
-0.35 0.5 0-0.35 0.5 0-0.35 0.5 0

1 00 0
-0.45 0 0-0.45 0 0-0.45 0 0

1 00 0
-0.275 -0.5 0-0.275 -0.5 0-0.275 -0.5 0

1 00 0
0 -0.5 00 -0.5 00 -0.5 0

1 00 0
0 0.25 40 0.25 40 0.25 4

1 00 0
0 0 00 0 00 0 0

1 00 0
-2 1 0-2 1 0-2 1 0

1 00 0
0.35 0.5 00.35 0.5 00.35 0.5 0

1 00 0
0.45 0 00.45 0 00.45 0 0

1 00 0
0.275 -0.5 00.275 -0.5 00.275 -0.5 0

1 00 0
0 -0.5 00 -0.5 00 -0.5 0

1 00 0
0 0.625 00 0.625 00 0.625 0

1 00 0
-0.35 0.5 0-0.35 0.5 0-0.35 0.5 0

1 00 0
-0.45 0 0-0.45 0 0-0.45 0 0

1 00 0
-0.275 -0.5 0-0.275 -0.5 0-0.275 -0.5 0

0.996574 0.0697675-0.0283788 -0.0341693
0 -0.5 00 -0.5 00 -0.5 0

1 00 0
2 1 02 1 02 1 0

1 00 0
0.35 0.5 00.35 0.5 00.35 0.5 0

1 00 0
0.45 0 00.45 0 00.45 0 0

1 00 0
0.275 -0.5 00.275 -0.5 00.275 -0.5 0

1 00 0
0 -0.5 00 -0.5 00 -0.5 0

1 00 0
0 0.625 00 0.625 00 0.625 0

1 00 0
-0.35 0.5 0-0.35 0.5 0-0.35 0.5 0

1 00 0
-0.45 0 0-0.45 0 0-0.45 0 0

1 00 0
-0.275 -0.5 0-0.275 -0.5 0-0.275 -0.5 0

1 00 0
0 -0.5 00 -0.5 00 -0.5 0

